0 1 8 5 0 4 2 6 0
9 0 0 8 6 0 0 0 0
5 3 6 0 7 0 1 0 4
4 8 2 3 5 9 0 7 0
0 6 0 0 0 7 4 5 2
1 5 0 2 0 6 3 0 8
8 7 1 0 0 5 9 0 3
0 4 0 7 9 3 0 0 0
6 9 3 4 0 8 5 0 0

Solution no 1 :
7 1 8  5 3 4  2 6 9 
9 2 4  8 6 1  7 3 5 
5 3 6  9 7 2  1 8 4 

4 8 2  3 5 9  6 7 1 
3 6 9  1 8 7  4 5 2 
1 5 7  2 4 6  3 9 8 

8 7 1  6 2 5  9 4 3 
2 4 5  7 9 3  8 1 6 
6 9 3  4 1 8  5 2 7 


Solution no 2 :
7 1 8  5 3 4  2 6 9 
9 2 4  8 6 1  7 3 5 
5 3 6  9 7 2  1 8 4 

4 8 2  3 5 9  6 7 1 
3 6 9  1 8 7  4 5 2 
1 5 7  2 4 6  3 9 8 

8 7 1  6 2 5  9 4 3 
2 4 5  7 9 3  8 1 6 
6 9 3  4 1 8  5 2 7 


Solution no 3 :
7 1 8  5 3 4  2 6 9 
9 2 4  8 6 1  7 3 5 
5 3 6  9 7 2  1 8 4 

4 8 2  3 5 9  6 7 1 
3 6 9  1 8 7  4 5 2 
1 5 7  2 4 6  3 9 8 

8 7 1  6 2 5  9 4 3 
2 4 5  7 9 3  8 1 6 
6 9 3  4 1 8  5 2 7 


Solution no 4 :
7 1 8  5 3 4  2 6 9 
9 2 4  8 6 1  7 3 5 
5 3 6  9 7 2  1 8 4 

4 8 2  3 5 9  6 7 1 
3 6 9  1 8 7  4 5 2 
1 5 7  2 4 6  3 9 8 

8 7 1  6 2 5  9 4 3 
2 4 5  7 9 3  8 1 6 
6 9 3  4 1 8  5 2 7 
