0 0 0 0 0 4 0 6 0
4 2 1 0 6 0 0 0 3
0 0 0 0 5 0 0 0 7
0 3 0 0 8 9 0 0 2
0 0 5 0 0 0 1 0 0
9 0 0 6 4 0 0 3 0
6 0 0 0 1 0 0 0 0
5 0 0 0 2 0 3 8 6
0 4 0 8 0 0 0 0 0


Solution no 1 :
7 5 8  9 3 4  2 6 1 
4 2 1  7 6 8  9 5 3 
3 9 6  1 5 2  8 4 7 

1 3 4  5 8 9  6 7 2 
8 6 5  2 7 3  1 9 4 
9 7 2  6 4 1  5 3 8 

6 8 7  3 1 5  4 2 9 
5 1 9  4 2 7  3 8 6 
2 4 3  8 9 6  7 1 5 


Solution no 2 :
7 5 8  9 3 4  2 6 1 
4 2 1  7 6 8  9 5 3 
3 9 6  1 5 2  8 4 7 

1 3 4  5 8 9  6 7 2 
8 6 5  2 7 3  1 9 4 
9 7 2  6 4 1  5 3 8 

6 8 7  3 1 5  4 2 9 
5 1 9  4 2 7  3 8 6 
2 4 3  8 9 6  7 1 5 
